0	0	0.621801
1	0	0.745405	0	0.634115
2	0	0.694711	0	0.651229	0	0.639517
3	0	0.552188	0	0.546251	0	0.529001	0	0.524666
4	4	0.671802	0	0.556642	0	0.541422	0	0.537565	3	0.532715	0	0.529700
5	4	0.748785	4	0.698792	0	0.559258	0	0.551881	0	0.540402	0	0.535199	3	0.529094
6	4	0.630396	4	0.629949	4	0.610460	0	0.552148	0	0.546200	0	0.529993	0	0.526359	3	0.524177
7	7	0.662247	3	0.562618	4	0.558334	4	0.548799	0	0.542688	0	0.538921	0	0.534896	0	0.531561	4	0.531323	4	0.524083
8	8	0.722227	4	0.515599	4	0.499160	0	0.497047	0	0.496346	4	0.494197	7	0.492112	7	0.489407	4	0.485310	3	0.484069
9	9	0.615695	0	0.504697	0	0.496270	9	0.495144	8	0.478637	0	0.477494	4	0.476835	4	0.475195	0	0.474416	8	0.473539
10	4	0.721208	4	0.645349	4	0.635183	4	0.618489	0	0.568883	0	0.558903	0	0.555512	0	0.547820	7	0.539945	3	0.526353
