1	47	0.95	47	0.9	34	0.85	20	0.8	30	0.75	1	0.7
2	65	0.95	62	0.9	7	0.85	25	0.8	44	0.75	33	0.7
3	35	0.95	17	0.9	13	0.85	23	0.8	39	0.75	10	0.7	36	0.65	11	0.6	53	0.55	11	0.5
4	5	0.95	56	0.9	46	0.85	20	0.8	14	0.75
5	30	0.95	13	0.9	7	0.85	60	0.8	61	0.75	40	0.7	64	0.65	55	0.6	55	0.55	25	0.5
6	31	0.95	37	0.9	4	0.85	71	0.8
7	69	0.95	47	0.9	70	0.85
8	28	0.95	41	0.9	15	0.85	37	0.8	52	0.75
9	22	0.95	21	0.9	17	0.85	59	0.8	25	0.75	66	0.7	59	0.65	42	0.6	67	0.55
10	57	0.95	40	0.9	9	0.85
11	73	0.95	52	0.9	40	0.85	27	0.8	58	0.75	39	0.7	22	0.65	35	0.6	1	0.55	71	0.5
12	73	0.95	1	0.9	37	0.85	46	0.8	12	0.75	46	0.7	7	0.65	66	0.6	50	0.55	15	0.5
13	63	0.95	56	0.9	42	0.85	62	0.8
14	12	0.95	7	0.9	31	0.85
15	5	0.95	44	0.9	70	0.85	25	0.8	15	0.75	33	0.7	64	0.65	1	0.6
16	35	0.95	13	0.9	26	0.85	40	0.8	2	0.75	24	0.7	32	0.65	50	0.6	68	0.55
17	64	0.95	69	0.9	40	0.85	37	0.8	56	0.75
18	53	0.95	72	0.9	50	0.85	11	0.8	58	0.75	14	0.7	54	0.65
19	43	0.95	5	0.9	37	0.85
20	36	0.95	8	0.9	8	0.85	71	0.8	22	0.75	20	0.7	8	0.65	70	0.6	29	0.55	1	0.5
21	7	0.95	44	0.9	24	0.85	17	0.8	6	0.75	20	0.7	49	0.65
22	11	0.95	17	0.9	1	0.85
23	73	0.95	62	0.9	60	0.85	8	0.8	64	0.75	70	0.7	4	0.65	4	0.6
24	65	0.95	15	0.9	42	0.85	3	0.8	37	0.75	17	0.7
25	19	0.95	11	0.9	43	0.85	13	0.8
26	48	0.95	19	0.9	71	0.85	7	0.8	27	0.75
27	51	0.95	47	0.9	10	0.85	66	0.8	70	0.75	54	0.7	21	0.65	24	0.6
28	43	0.95	51	0.9	68	0.85	71	0.8	68	0.75	50	0.7	13	0.65	30	0.6	71	0.55
29	5	0.95	56	0.9	32	0.85
30	2	0.95	8	0.9	39	0.85	6	0.8	5	0.75
31	72	0.95	61	0.9	46	0.85
32	1	0.95	29	0.9	50	0.85	48	0.8	25	0.75	8	0.7	52	0.65	71	0.6
33	59	0.95	49	0.9	19	0.85	19	0.8
34	2	0.95	46	0.9	57	0.85	4	0.8	56	0.75	47	0.7	35	0.65	57	0.6	26	0.55
35	41	0.95	64	0.9	54	0.85	40	0.8	55	0.75	50	0.7
36	9	0.95	20	0.9	3	0.85	24	0.8	53	0.75	61	0.7
37	70	0.95	34	0.9	48	0.85	22	0.8	21	0.75
38	34	0.95	27	0.9	55	0.85	16	0.8	34	0.75	28	0.7	26	0.65	66	0.6	29	0.55	48	0.5
39	8	0.95	34	0.9	4	0.85	22	0.8	30	0.75	29	0.7	66	0.65
40	66	0.95	29	0.9	5	0.85
41	13	0.95	14	0.9	63	0.85	7	0.8	25	0.75	73	0.7	11	0.65	57	0.6	71	0.55
42	21	0.95	26	0.9	13	0.85	2	0.8	6	0.75	60	0.7	40	0.65
43	67	0.95	45	0.9	12	0.85	18	0.8
44	53	0.95	46	0.9	66	0.85	37	0.8	45	0.75	4	0.7	29	0.65
45	18	0.95	73	0.9	31	0.85	59	0.8	8	0.75	43	0.7
46	29	0.95	10	0.9	29	0.85	36	0.8
47	61	0.95	38	0.9	34	0.85	12	0.8	11	0.75	40	0.7	63	0.65
48	41	0.95	44	0.9	66	0.85	39	0.8	2	0.75	17	0.7	22	0.65
49	2	0.95	42	0.9	19	0.85	16	0.8	38	0.75	15	0.7
50	9	0.95	72	0.9	15	0.85	22	0.8	1	0.75	28	0.7	13	0.65
51	17	0.95	14	0.9	17	0.85	57	0.8	46	0.75
52	69	0.95	30	0.9	40	0.85	28	0.8	30	0.75
53	60	0.95	15	0.9	16	0.85	41	0.8	60	0.75	23	0.7
54	1	0.95	27	0.9	49	0.85	56	0.8	37	0.75	59	0.7
55	15	0.95	20	0.9	73	0.85	36	0.8	26	0.75	1	0.7	19	0.65	30	0.6
56	71	0.95	33	0.9	33	0.85	51	0.8	61	0.75
57	5	0.95	43	0.9	61	0.85	37	0.8	19	0.75	42	0.7	51	0.65	40	0.6	35	0.55	55	0.5
58	65	0.95	51	0.9	53	0.85	27	0.8	64	0.75	27	0.7	42	0.65	9	0.6
59	36	0.95	65	0.9	44	0.85	49	0.8	37	0.75
60	2	0.95	48	0.9	30	0.85	61	0.8	9	0.75	49	0.7	47	0.65	11	0.6	9	0.55
61	14	0.95	22	0.9	52	0.85	47	0.8	38	0.75	30	0.7	10	0.65
62	43	0.95	3	0.9	8	0.85	23	0.8	64	0.75	23	0.7	61	0.65	7	0.6	26	0.55
63	4	0.95	33	0.9	36	0.85	45	0.8	70	0.75	18	0.7	18	0.65	25	0.6	22	0.55
64	6	0.95	6	0.9	20	0.85	71	0.8	73	0.75	30	0.7	44	0.65	8	0.6	31	0.55
65	37	0.95	4	0.9	26	0.85	54	0.8	52	0.75	10	0.7
66	32	0.95	31	0.9	15	0.85	7	0.8	7	0.75
67	45	0.95	25	0.9	61	0.85	57	0.8	15	0.75
68	17	0.95	25	0.9	22	0.85	30	0.8	28	0.75	22	0.7	57	0.65	49	0.6	65	0.55	27	0.5
69	16	0.95	61	0.9	55	0.85	51	0.8	1	0.75	60	0.7	14	0.65	24	0.6	38	0.55	68	0.5
70	51	0.95	52	0.9	56	0.85	42	0.8	11	0.75	5	0.7	31	0.65	34	0.6	39	0.55	39	0.5
71	19	0.95	13	0.9	44	0.85	5	0.8	15	0.75	70	0.7
72	54	0.95	1	0.9	13	0.85	64	0.8
73	65	0.95	52	0.9	39	0.85	19	0.8	41	0.75	65	0.7	48	0.65
